time,Vehicle speed (km/h),Vehicle acceleration (g),Throttle position (%),Calculated instant fuel consumption (km/L),Calculated boost (bar),Instant engine power (hp),Barometric pressure (kPa)
10:24.0,94.9,-2.83,58.9,0.63,1.5,60.6,101.45
10:24.0,75.9,-0.84,64,1.02,1.5,58.1,101.12
10:24.0,99.4,-0.69,77.1,1.37,1.5,69.6,101.47
10:24.0,125.7,-1.6,76.3,1.09,1.5,98.8,101.57
10:24.0,73,-0.32,15.6,1.34,1.5,8.1,101.38
10:24.0,73,0.81,26.6,1.41,1.5,16.9,101.68
10:24.1,127.4,3.77,62.9,1.42,1.5,77.1,101.15
10:24.1,103,0.35,62.8,0.67,1.5,60.4,101.05
10:24.1,65.9,0.52,62.9,1.77,1.5,41.7,100.94
10:24.1,96.3,-0.15,100,0.93,1.5,92.1,101.6
10:24.1,66.1,-3.84,64.3,1.38,1.5,43.8,101.43
10:24.1,66,-0.05,78.4,2.04,1.5,51.5,101.29
10:24.1,87.3,0.12,73.9,1.55,1.5,63.2,101.36
10:24.1,22.6,4.93,66.3,4.64,0.26,10.4,101.07
10:24.1,28.3,-0.38,42.1,4.07,0.45,9,101.79
10:24.2,63.1,0.6,69,1.57,1.5,47.3,101.33
10:24.2,49.6,-0.07,30.7,2.32,1.5,17.7,101.32
10:24.2,89.4,-2.34,44.1,0.95,1.5,34.5,101.45
10:24.2,52.8,2.29,37.9,2.02,1.5,20.5,101.4
10:24.2,37.6,1.5,52,2.52,0.89,23.3,101.34
10:24.2,124,1.58,100,0.85,1.5,115.6,101.14
10:24.2,73.2,-1.82,3.3,1.64,1.5,5.1,101.39
10:24.2,82,2.81,67.2,0.8,1.5,51.8,101.68
10:24.2,37.3,-2.8,9.7,3.66,0.96,6.5,101.57
10:24.2,63.7,1.17,38.2,1.04,1.5,20.5,101.62
10:24.3,83.3,4.38,77.2,0.58,1.5,55.3,101.2
10:24.3,45.5,-1.98,51.6,2.73,1.18,15.3,101.1
10:24.3,91.3,-1.13,23.1,1.48,1.5,21.3,101.27
10:24.3,62,0.2,32.1,1.9,1.5,21.2,101.31
10:24.3,71.2,-1.01,67,1.7,1.5,43.2,101.52
10:24.3,61.9,-3.1,31.7,1.58,1.5,22.9,100.96
10:24.3,135.6,0.14,55.4,0.28,1.5,66.8,101.61
10:24.3,79.6,-2.12,51.1,1.28,1.5,40.4,101.27
10:24.3,48.3,0.95,33.7,1.69,1.49,10.2,101.21
10:24.3,104.7,-1.84,100,1.43,1.5,101.4,101.1
10:24.4,43.4,3.1,65.8,2.18,1.18,28.8,100.97
10:24.4,86.3,-1.57,0,0.73,1.5,-4.3,101.46
10:24.4,21.2,-0.64,54.7,4.34,0,9.7,101.31
10:24.4,40.2,1.63,33.5,2.64,0.84,18.5,101.04
10:24.4,85.9,-2.46,71.3,0.87,1.5,58.4,101.04
10:24.4,102.2,0.45,30.2,0.56,1.5,35,101.23
10:24.4,85.1,2.61,47.1,1.28,1.5,34.5,101.63
10:24.4,76.5,-3.21,62.6,1.41,1.5,50.6,101.25
10:24.4,71,0.37,71.6,1.14,1.5,58.1,101
10:24.4,35.6,0.52,20,2.49,0.65,-5.2,101.25
10:24.5,58.4,1.56,41.6,1.8,1.5,20.3,101.25
10:24.5,66.2,-2.47,38.1,0.76,1.5,28.1,100.76
10:24.5,111.7,-2.64,33.7,0.18,1.5,36.6,101.29
10:24.5,90.3,1.04,94.1,0.74,1.5,86.9,101.25
10:24.5,27.1,0.59,60.1,3.45,0.25,13.3,101.44
10:24.5,89.7,0.5,18.5,1.26,1.5,17,101.67
10:24.5,68.4,0.69,72.9,2.18,1.5,49.2,101.53
10:24.5,59.7,-1.36,100,2.08,1.5,65.5,101.25
10:24.5,98.4,0.46,75.8,0.93,1.5,75.8,101.08
10:24.5,110.9,0.59,12,0.88,1.5,15,101.81
10:24.6,107.9,-1.43,37.9,0.42,1.5,38.8,101.31
10:24.6,54.8,3.73,81.7,1.78,1.5,42.3,101.3
10:24.6,70.7,0.95,32.3,1.25,1.5,20.7,101.3
10:24.6,89.9,-2.38,61.1,1.26,1.5,56.9,101.34
10:24.6,109.3,1.31,69.4,0.49,1.5,73.7,101.27
10:25.0,65.6,-1.95,26.8,1.76,1.5,19.1,101.19
10:25.0,74.4,1.57,48.5,2.09,1.5,46.5,101.19
10:25.0,46.8,2.32,0,2.04,1.27,4.4,101.29
10:25.0,44.1,-1.64,24.4,2.42,1.23,9.1,101.19
10:25.0,104.4,1.93,43.7,1.29,1.5,51.6,101.16
10:25.0,120.7,0.83,18.8,0.62,1.5,20.7,101.32
10:25.1,77.8,1.64,90.8,1.38,1.5,60.5,101.25
10:25.1,110.1,3.79,14.2,0.91,1.5,10.6,101.6
10:25.1,90.8,-0.49,39,1.14,1.5,26.1,100.77
10:25.1,60.6,-1.51,53.3,1.24,1.5,30.5,101.52
10:25.1,90.8,-1.78,86,1.1,1.5,78.2,101.55
10:25.1,126.1,-1.63,14.1,1.04,1.5,26.2,100.89
10:25.1,78.9,-0.15,79.1,1.98,1.5,64,101.23
10:25.1,126.9,0.68,50.3,1.26,1.5,62.7,101.23
10:25.1,1.4,0.55,25.5,42.61,0,4.5,101.02
10:25.2,104.7,1.65,61.6,0.56,1.5,53.4,101.14
10:25.2,82.6,0.03,55,1.63,1.5,46.6,101.08
10:25.2,71,2.91,35,1.48,1.5,28.7,101.65
10:25.2,82.8,-0.53,51.7,2.29,1.5,35.4,101.49
10:25.2,20.4,5.44,40.4,4.27,0.13,13.9,101.55
10:25.2,73.4,1.25,52.8,0.92,1.5,40.5,101.44
10:25.2,90.7,-1.71,66.6,0.79,1.5,58.3,101.07
10:25.2,124.3,-2.14,89.7,-0.26,1.5,114.6,101.2
10:25.2,64.5,0.96,19.1,1.26,1.5,23.6,101.4
10:25.2,55.7,-0.45,100,1.38,1.5,56.7,101.06
10:25.3,64.9,1.43,1.2,1.59,1.5,2,101.44
10:25.3,107.5,0.95,46.2,1.09,1.5,47.4,101.25
10:25.3,89.9,-0.15,64.7,2.04,1.5,53.9,101.23
10:25.3,64.1,-1.69,57,2.01,1.5,40.7,101.44
10:25.3,95.4,-3.03,34.4,0.75,1.5,28.6,101.39
10:25.3,82.9,-0.89,44.8,0.74,1.5,37.5,101.23
10:25.3,109.1,1.71,37.7,1.15,1.5,38.7,101.53
10:25.3,58.9,0.43,35.3,1.01,1.5,23.2,101.08
10:25.3,70.2,-2.49,71.2,2.32,1.5,51.7,101.42
10:25.3,68.2,0.35,58.9,2.03,1.5,45.4,101.42
10:25.4,36.1,0.77,32.7,2.46,0.86,9.2,101.24
10:25.4,88.9,-1.77,72.5,0.26,1.5,63.1,101.37
10:25.4,87.8,0.31,57.7,1.8,1.5,45.8,101.05
10:25.4,80.2,0.12,70.3,1.17,1.5,54.1,101.48
10:25.4,73,-2.29,65.7,1.97,1.5,49.9,101.26
